{
  "labels": [
    "longitude",
    "latitude",
    "sst",
    "salinity",
    "wind_speed",
    "wind_dir",
    "pressure",
    "precipitation",
    "co2",
    "wave_height",
    "humidity",
    "current_speed",
    "chlorophyll"
  ],
  "matrix": [
    [
      1.0,
      -0.0381,
      0.0167,
      -0.0812,
      0.072,
      0.0086,
      -0.0216,
      -0.0319,
      -0.0074,
      0.0405,
      -0.0826,
      0.0041,
      0.0713
    ],
    [
      -0.0381,
      1.0,
      0.0533,
      0.0284,
      0.0538,
      -0.005,
      0.0363,
      -0.0403,
      -0.0062,
      0.0331,
      -0.0236,
      -0.0398,
      0.0819
    ],
    [
      0.0167,
      0.0533,
      1.0,
      0.2882,
      -0.4272,
      0.0075,
      0.1085,
      0.3865,
      -0.0231,
      -0.2704,
      0.3852,
      -0.023,
      -0.5753
    ],
    [
      -0.0812,
      0.0284,
      0.2882,
      1.0,
      0.0041,
      -0.0187,
      -0.0017,
      -0.04,
      0.0701,
      -0.0085,
      -0.023,
      -0.0633,
      0.0086
    ],
    [
      0.072,
      0.0538,
      -0.4272,
      0.0041,
      1.0,
      0.0141,
      -0.0628,
      -0.2112,
      0.0202,
      0.1526,
      -0.2299,
      0.0109,
      0.3075
    ],
    [
      0.0086,
      -0.005,
      0.0075,
      -0.0187,
      0.0141,
      1.0,
      -0.0004,
      0.0074,
      -0.0205,
      -0.0026,
      -0.0103,
      0.005,
      -0.0003
    ],
    [
      -0.0216,
      0.0363,
      0.1085,
      -0.0017,
      -0.0628,
      -0.0004,
      1.0,
      0.0716,
      -0.014,
      -0.0545,
      0.0541,
      0.0297,
      -0.1104
    ],
    [
      -0.0319,
      -0.0403,
      0.3865,
      -0.04,
      -0.2112,
      0.0074,
      0.0716,
      1.0,
      -0.0219,
      -0.1514,
      0.1844,
      0.0134,
      -0.2796
    ],
    [
      -0.0074,
      -0.0062,
      -0.0231,
      0.0701,
      0.0202,
      -0.0205,
      -0.014,
      -0.0219,
      1.0,
      0.0392,
      -0.0049,
      -0.0102,
      0.0371
    ],
    [
      0.0405,
      0.0331,
      -0.2704,
      -0.0085,
      0.1526,
      -0.0026,
      -0.0545,
      -0.1514,
      0.0392,
      1.0,
      -0.1499,
      0.0019,
      0.1988
    ],
    [
      -0.0826,
      -0.0236,
      0.3852,
      -0.023,
      -0.2299,
      -0.0103,
      0.0541,
      0.1844,
      -0.0049,
      -0.1499,
      1.0,
      -0.0134,
      -0.2963
    ],
    [
      0.0041,
      -0.0398,
      -0.023,
      -0.0633,
      0.0109,
      0.005,
      0.0297,
      0.0134,
      -0.0102,
      0.0019,
      -0.0134,
      1.0,
      -0.0172
    ],
    [
      0.0713,
      0.0819,
      -0.5753,
      0.0086,
      0.3075,
      -0.0003,
      -0.1104,
      -0.2796,
      0.0371,
      0.1988,
      -0.2963,
      -0.0172,
      1.0
    ]
  ]
}